lastAccountName: M4G0delbosco
timestamps:
  login: 1662656297412
  logout: 1662657533626
ipAddress: 10.8.0.110
logoutlocation:
  world: calderara_cubetti
  x: 17.255268436057182
  y: 17.24918707874468
  z: 542.0958365722763
  yaw: 120.67389
  pitch: 41.250008
lastlocation:
  world: calderara_cubetti
  x: -77.97157353096368
  y: 27.51091159011897
  z: 167.50693629007927
  yaw: -351.13965
  pitch: 41.849934
godmode: false
