lastAccountName: MVgamer140
timestamps:
  login: 1662655193237
  logout: 1662657597126
ipAddress: 127.0.0.1
lastlocation:
  world: calderara_cubetti
  x: 35.93843866743985
  y: 4.0
  z: 555.2746743875191
  yaw: -39.331238
  pitch: 37.277718
logoutlocation:
  world: calderara_cubetti
  x: 85.98256687464561
  y: 22.23430673544553
  z: 470.37866006964333
  yaw: 24.451307
  pitch: 54.714127
