collettivoverso,cacfbcf8-b8e3-3a2e-9c72-18c6a016e159
luka95lt,08e54537-e84f-3bd8-89e8-4487fe8beec2
gabriel,99dfc7a8-17bc-3df5-b683-65311de3070c
matilde,724e6c68-0ed1-3017-8065-98935e03b04b
gabs496,d4419c04-7bd9-33a5-b4fb-73f5a4dbcb79
diego_10,d8a9d02f-6fe3-3963-bd78-dd7170bdd6a0
kenjaocean,6c95b257-75c7-37eb-bbb6-bf54cdb0e00e
damperpurse338,f722b8d8-ab26-340f-b298-91e7fa75fa24
whitecornet9221,b0296d21-6b5e-33ca-9eb3-e479e2425d56
utente1,451ac7b8-2856-33ff-a35e-e6a2b35766fa
yabastabologna,e13ea8c2-31e8-3ae3-9983-ec0dc946d296
pc_gaming,588cfcc0-044f-3676-b8f7-ce1e0b84be97
onscreencave285,ba437920-df37-362a-97af-da1c809bee0b
siderealbrick15,6c79b2be-81d8-373a-9cf9-4d23fa85cbd7
m4g0delbosco,3f01670c-6f40-3bf7-b119-1b1ebf959e98
mvgamer140,b467d275-fde6-38fe-8e41-6b90dbefdd81
