lastAccountName: M4G0delbosco
timestamps:
  login: 1653143253963
  logout: 1653144057691
  lastteleport: 1653142884889
ipAddress: 10.8.0.110
logoutlocation:
  world: bedwars
  x: 82.78331331946858
  y: 66.5
  z: -26.276724857715255
  yaw: 146.67126
  pitch: -55.44315
lastlocation:
  world: calderara_cubetti
  x: 93.33777481500564
  y: 14.808687042773034
  z: 449.99249527091007
  yaw: 262.49442
  pitch: 35.53073
