lastAccountName: PC-Gaming
timestamps:
  login: 1661792259095
  logout: 1661792445005
ipAddress: 127.0.0.1
logoutlocation:
  world: calderara_cubetti
  x: 75.09305704812385
  y: 4.0
  z: 521.9604828679876
  yaw: 92.89642
  pitch: 9.736857
