lastAccountName: SiderealBrick15
timestamps:
  login: 1652538201663
  logout: 1652540788963
ipAddress: 10.8.0.26
lastlocation:
  world: calderara_cubetti
  x: 0.2976266153893278
  y: 6.158146761236626
  z: 529.1195931576419
  yaw: 224.84998
  pitch: -7.050036
logoutlocation:
  world: calderara_cubetti
  x: -25.5208286683119
  y: 5.363386880940145
  z: 513.3000000119209
  yaw: -62.55124
  pitch: 25.049885
