lastAccountName: Matilde
timestamps:
  login: 1652543301922
  logout: 1652544203712
ipAddress: 10.8.0.102
logoutlocation:
  world: calderara_cubetti
  x: -5.637435654545994
  y: 7.916689385990195
  z: 462.265334916861
  yaw: -204.40039
  pitch: 38.999954
lastlocation:
  world: calderara_cubetti
  x: 48.56131825480817
  y: 6.868583560744525
  z: 356.415123642631
  yaw: -53.244873
  pitch: 15.6002865
