lastAccountName: MVgamer140
timestamps:
  login: 1662371432123
  logout: 1662371962998
ipAddress: 127.0.0.1
logoutlocation:
  world: calderara_cubetti
  x: 92.41613494042755
  y: 3.0
  z: 508.69999998807896
  yaw: 9.423462
  pitch: 24.26299
lastlocation:
  world: calderara_cubetti
  x: 90.35115962908307
  y: 6.844653935336779
  z: 429.05000001192093
  yaw: 31.349802
  pitch: 90.0
