lastAccountName: CollettivoVerso
timestamps:
  login: 1652540712019
  logout: 1652543728163
ipAddress: 10.8.0.50
logoutlocation:
  world: calderara_cubetti
  x: 109.57651811907057
  y: 19.143352363592957
  z: 521.9508347529058
  yaw: 103.88403
  pitch: 26.999683
lastlocation:
  world: calderara_cubetti
  x: 5.910840413629241
  y: 95950.60024416588
  z: 334.3881650074495
  yaw: 127.189545
  pitch: 65.24997
