lastAccountName: LUKA95LT
timestamps:
  login: 1653143591393
  logout: 1653143419492
  lastteleport: 1653142630286
ipAddress: 10.8.0.78
logoutlocation:
  world: calderara_cubetti
  x: 91.06000131556218
  y: 6.532928275344887
  z: 520.8813196334467
  yaw: 139.47818
  pitch: 25.350029
lastlocation:
  world: calderara_cubetti
  x: 89.5372403147089
  y: 8.673342977040056
  z: 441.9160831862181
  yaw: -263.7688
  pitch: 8.699528
