lastAccountName: Utente1
timestamps:
  login: 1652538228770
  logout: 1652543464065
ipAddress: 10.8.0.38
logoutlocation:
  world: calderara_cubetti
  x: 76.69430257030473
  y: 17.66782182892273
  z: 503.3811629963486
  yaw: -156.97803
  pitch: 1.4342782
lastlocation:
  world: calderara_cubetti
  x: 75.5
  y: 4.0
  z: 514.5
  yaw: -260.93896
  pitch: 23.07138
