lastAccountName: KenjaOcean
timestamps:
  login: 1653143801752
  logout: 1653143797541
  lastteleport: 1653143179436
ipAddress: 10.8.0.54
logoutlocation:
  world: bedwars
  x: -1.3669453230356736
  y: 98.0
  z: -1.4414741126226809
  yaw: 302.74573
  pitch: 15.947279
lastlocation:
  world: calderara_cubetti
  x: 58.608928257820494
  y: 4.419999986886978
  z: 521.5745725346861
  yaw: 264.7244
  pitch: 31.977604
