lastAccountName: WhiteCornet9221
timestamps:
  login: 1652542288463
  logout: 1652544293420
ipAddress: 10.8.0.42
logoutlocation:
  world: calderara_cubetti
  x: 85.17372342387895
  y: 4.0
  z: 517.4741115523973
  yaw: 180.62964
  pitch: 59.503075
lastlocation:
  world: calderara_cubetti
  x: -14.094259378181224
  y: 4.0
  z: 516.3953823205586
  yaw: 105.3721
  pitch: 14.132988
