lastAccountName: OnscreenCave285
timestamps:
  login: 1652538410370
  logout: 1652538410669
ipAddress: 10.8.0.30
logoutlocation:
  world: calderara_cubetti
  x: 53.773467157681125
  y: 4.0
  z: 549.3661061413098
  yaw: -151.47305
  pitch: 41.58656
