lastAccountName: Gabs496
timestamps:
  login: 1651859150685
  logout: 1651863419507
ipAddress: 10.8.0.6
logoutlocation:
  world: calderara_cubetti
  x: 57.64635553951136
  y: 13.364777114190417
  z: 480.3640149470395
  yaw: -161.53992
  pitch: 19.650146
