lastAccountName: Diego-10
timestamps:
  login: 1651524969157
  logout: 1651525090294
ipAddress: 10.8.0.98
logoutlocation:
  world: Lobby
  x: 16.153051001840897
  y: 68.0
  z: -59.75393766921601
  yaw: -25.730286
  pitch: 43.585804
