lastAccountName: YaBastaBologna
timestamps:
  login: 1651934847098
  logout: 1651937732188
  kits:
    l: 1651331149101
ipAddress: 10.8.0.34
logoutlocation:
  world: calderara_cubetti
  x: 5.90217172683719
  y: 9.861534799499116
  z: 521.7036120571186
  yaw: 280.35553
  pitch: 18.750013
lastlocation:
  world: calderara_cubetti
  x: 95.67834105276157
  y: -118.42260690626713
  z: 474.62515622063995
  yaw: -146.3795
  pitch: 66.14976
