lastAccountName: DamperPurse338
timestamps:
  login: 1652539257664
  logout: 1652544293413
  lastteleport: 1651937115670
ipAddress: 10.8.0.22
lastlocation:
  world: calderara_cubetti
  x: 164.69559471889684
  y: 10.880116572002894
  z: 578.8292519723952
  yaw: -153.8742
  pitch: 56.78259
logoutlocation:
  world: calderara_cubetti
  x: 49.94284894203467
  y: 53.36472339656204
  z: 529.9297963195536
  yaw: 177.90442
  pitch: -90.0
